100
3 109
1 1
1 1000
42 298
8 485
1 109
120 302
384 484
1 121
121 742
287 379
65 484
1 65
1 484
467 944
7 109
804 936
1 122
9 121
303 484
1 4
1 742
159 841
121 122
4 5
348 853
7 302
3 6
364 567
554 561
7 122
285 545
100 1000
699 735
21 742
384 742
21 302
65 302
175 780
1 221
76 940
121 484
448 609
1 6
8 10
1 2
8 742
172 401
4 9
4 109
3 104
3 9
340 836
1 302
390 975
21 584
8 122
122 1000
35 583
483 484
7 9
122 483
3 221
1 9
411 845
3 742
3 65
303 742
474 780
3 10
155 860
120 584
120 484
484 485
198 402
10 120
1 101
121 485
4 65
483 742
30 800
139 512
8 121
658 674
120 122
54 96
3 5
120 742
9 10
785 942
571 719
443 837
21 122
238 904
1 10
1 104
384 485
213 333
1 5
128 727
